59 42 26 255
233 211 131 255
255 255 255 255
28 131 49 255
96 70 40 255
26 26 26 255
DIV: Nature

128 128 128 255
77 77 77 255
80 75 63 255
109 98 77 255
137 153 161 255
DIV: Stone

80 75 63 255
221 204 142 255
249 175 249 255
142 7 7 255
137 128 110 255
235 140 255 200
DIV: Metals

214 31 31 255
204 204 204 255
DIV: Flesh

175 1 24 255
253 42 84 255
130 202 251 255
19 175 26 255
209 177 110 255
255 242 154 255
249 163 5 255
255 255 0 255
255 255 255 255
DIV: Cloth

175 1 24 126
253 42 84 126
130 202 251 126
19 175 26 126
209 177 110 126
255 242 154 126
249 163 5 126
255 255 0 126
255 255 255 126
DIV: Glass

//Created using the Colorset Editor V1.6 by Zeblote
// http://forum.blockland.us/index.php?topic=232235.0
